     1     1     1     1   1.025903295644047
     1     1     1     2   0.961889698283123
     1     2     1     2   0.957981219509539
     1     1     2     2   0.910037422595190
     2     1     2     2   0.912988531812114
     1     2     2     2   0.912988531812114
     2     2     2     2   0.921478948421439
     1     1     1     3   0.665861900300574
     1     2     1     3   0.660528722927800
     1     3     1     3   0.640617576519318
     1     1     2     3   0.636824737208834
     2     1     2     3   0.645324203099103
     1     2     2     3   0.634774035187254
     2     2     2     3   0.645628964890339
     1     3     2     3   0.620616352999825
     2     3     2     3   0.636454212680682
     1     1     3     3   0.462734253950165
     2     1     3     3   0.461627705911941
     3     1     3     3   0.473926717255214
     1     2     3     3   0.461627705911941
     2     2     3     3   0.462398516877931
     3     2     3     3   0.472257315821997
     1     3     3     3   0.473926717255214
     2     3     3     3   0.472257315821997
     3     3     3     3   0.515732237595417
     1     4     1     4   1.204602625193429
     1     4     2     4   1.122599456804890
     2     4     2     4   1.109570851884576
     1     4     3     4   0.751939225018753
     2     4     3     4   0.744405761719378
     3     4     3     4   0.690444149639358
     1     1     4     4   0.219860690642040
     2     1     4     4   0.203323051195564
     3     1     4     4   0.106012864640263
     1     2     4     4   0.203323051195564
     2     2     4     4   0.190297950332934
     3     2     4     4   0.100010449032086
     1     3     4     4   0.106012864640263
     2     3     4     4   0.100010449032086
     3     3     4     4   0.052903034075501
     4     4     4     4   1.607763677976284
     1     5     1     5   1.204602625193429
     1     5     2     5   1.122599456804890
     2     5     2     5   1.109570851884576
     1     5     3     5   0.751939225018753
     2     5     3     5   0.744405761719378
     3     5     3     5   0.690444149639358
     4     5     4     5   1.410894656183269
     1     1     5     5   0.219860690642040
     2     1     5     5   0.203323051195564
     3     1     5     5   0.106012864640263
     1     2     5     5   0.203323051195564
     2     2     5     5   0.190297950332934
     3     2     5     5   0.100010449032086
     1     3     5     5   0.106012864640263
     2     3     5     5   0.100010449032086
     3     3     5     5   0.052903034075501
     4     4     5     5   0.098434510896507
     5     5     5     5   1.607763677976284
     1     6     1     6   1.204602625193429
     1     6     2     6   1.122599456804890
     2     6     2     6   1.109570851884576
     1     6     3     6   0.751939225018753
     2     6     3     6   0.744405761719378
     3     6     3     6   0.690444149639358
     4     6     4     6   1.410894656183269
     5     6     5     6   1.410894656183269
     1     1     6     6   0.219860690642040
     2     1     6     6   0.203323051195564
     3     1     6     6   0.106012864640263
     1     2     6     6   0.203323051195564
     2     2     6     6   0.190297950332934
     3     2     6     6   0.100010449032086
     1     3     6     6   0.106012864640263
     2     3     6     6   0.100010449032086
     3     3     6     6   0.052903034075501
     4     4     6     6   0.098434510896507
     5     5     6     6   0.098434510896507
     6     6     6     6   1.607763677976284
     1     4     1     7   0.614464457772155
     1     7     1     7   0.807127121513015
     1     4     2     7   0.582537243441532
     2     4     2     7   0.584541421444179
     1     7     2     7   0.782736116287624
     2     7     2     7   0.802194423216038
     1     4     3     7   0.401195016354233
     2     4     3     7   0.400894881769580
     3     4     3     7   0.382086318128207
     1     7     3     7   0.577147525129030
     2     7     3     7   0.580829288839008
     3     7     3     7   0.599270740456239
     1     1     4     7   0.146103271336929
     2     1     4     7   0.142163210300975
     3     1     4     7   0.077612647477456
     1     2     4     7   0.154363539996266
     2     2     4     7   0.151447248810786
     3     2     4     7   0.083220035971897
     1     3     4     7   0.108235206688123
     2     3     4     7   0.107503396721827
     3     3     4     7   0.059932678835150
     4     4     4     7   0.796708263970405
     4     7     4     7   0.947820576418115
     5     4     5     7   0.703449107897422
     4     5     5     7   0.046629578036491
     5     7     5     7   0.868447987188035
     6     4     6     7   0.703449107897422
     4     6     6     7   0.046629578036491
     6     7     6     7   0.868447987188035
     1     1     7     7   0.138724408223942
     2     1     7     7   0.152242347327445
     3     1     7     7   0.121646046516202
     1     2     7     7   0.152242347327445
     2     2     7     7   0.167852390736340
     3     2     7     7   0.134701654590187
     1     3     7     7   0.121646046516202
     2     3     7     7   0.134701654590187
     3     3     7     7   0.114328368755844
     4     4     7     7   0.413871000956010
     7     4     7     7   0.528960013313625
     5     5     7     7   0.025339040874858
     6     6     7     7   0.025339040874858
     4     7     7     7   0.528960013313625
     7     7     7     7   0.802295750289463
     1     5     1     8   0.614464457772155
     1     8     1     8   0.807127121513015
     1     5     2     8   0.582537243441532
     2     5     2     8   0.584541421444179
     1     8     2     8   0.782736116287624
     2     8     2     8   0.802194423216038
     1     5     3     8   0.401195016354233
     2     5     3     8   0.400894881769580
     3     5     3     8   0.382086318128207
     1     8     3     8   0.577147525129030
     2     8     3     8   0.580829288839008
     3     8     3     8   0.599270740456239
     4     5     4     8   0.703449107897422
     4     8     4     8   0.868447987188035
     1     1     5     8   0.146103271336929
     2     1     5     8   0.142163210300975
     3     1     5     8   0.077612647477456
     1     2     5     8   0.154363539996266
     2     2     5     8   0.151447248810786
     3     2     5     8   0.083220035971897
     1     3     5     8   0.108235206688123
     2     3     5     8   0.107503396721827
     3     3     5     8   0.059932678835150
     4     4     5     8   0.046629578036491
     5     5     5     8   0.796708263970405
     4     7     5     8   0.039686294615040
     5     8     5     8   0.947820576418115
     6     5     6     8   0.703449107897422
     5     6     6     8   0.046629578036491
     6     8     6     8   0.868447987188035
     5     4     7     8   0.025339040874858
     4     5     7     8   0.363192919206295
     7     5     7     8   0.474302708330650
     5     7     7     8   0.027328652491487
     4     8     7     8   0.474302708330650
     7     8     7     8   0.704055454335651
     1     1     8     8   0.138724408223942
     2     1     8     8   0.152242347327445
     3     1     8     8   0.121646046516202
     1     2     8     8   0.152242347327445
     2     2     8     8   0.167852390736340
     3     2     8     8   0.134701654590187
     1     3     8     8   0.121646046516202
     2     3     8     8   0.134701654590187
     3     3     8     8   0.114328368755844
     4     4     8     8   0.025339040874858
     7     4     8     8   0.027328652491487
     5     5     8     8   0.413871000956010
     8     5     8     8   0.528960013313625
     6     6     8     8   0.025339040874858
     4     7     8     8   0.027328652491487
     7     7     8     8   0.049120147976906
     5     8     8     8   0.528960013313625
     8     8     8     8   0.802295750289463
     1     6     1     9   0.614464457772155
     1     9     1     9   0.807127121513015
     1     6     2     9   0.582537243441532
     2     6     2     9   0.584541421444179
     1     9     2     9   0.782736116287624
     2     9     2     9   0.802194423216038
     1     6     3     9   0.401195016354233
     2     6     3     9   0.400894881769580
     3     6     3     9   0.382086318128207
     1     9     3     9   0.577147525129030
     2     9     3     9   0.580829288839008
     3     9     3     9   0.599270740456239
     4     6     4     9   0.703449107897422
     4     9     4     9   0.868447987188035
     5     6     5     9   0.703449107897422
     5     9     5     9   0.868447987188035
     1     1     6     9   0.146103271336929
     2     1     6     9   0.142163210300975
     3     1     6     9   0.077612647477456
     1     2     6     9   0.154363539996266
     2     2     6     9   0.151447248810786
     3     2     6     9   0.083220035971897
     1     3     6     9   0.108235206688123
     2     3     6     9   0.107503396721827
     3     3     6     9   0.059932678835150
     4     4     6     9   0.046629578036491
     5     5     6     9   0.046629578036491
     6     6     6     9   0.796708263970405
     4     7     6     9   0.039686294615040
     5     8     6     9   0.039686294615040
     6     9     6     9   0.947820576418115
     6     4     7     9   0.025339040874858
     4     6     7     9   0.363192919206295
     7     6     7     9   0.474302708330650
     6     7     7     9   0.027328652491487
     4     9     7     9   0.474302708330650
     7     9     7     9   0.704055454335651
     6     5     8     9   0.025339040874858
     5     6     8     9   0.363192919206295
     8     6     8     9   0.474302708330650
     6     8     8     9   0.027328652491487
     5     9     8     9   0.474302708330650
     8     9     8     9   0.704055454335651
     1     1     9     9   0.138724408223942
     2     1     9     9   0.152242347327445
     3     1     9     9   0.121646046516202
     1     2     9     9   0.152242347327445
     2     2     9     9   0.167852390736340
     3     2     9     9   0.134701654590187
     1     3     9     9   0.121646046516202
     2     3     9     9   0.134701654590187
     3     3     9     9   0.114328368755844
     4     4     9     9   0.025339040874858
     7     4     9     9   0.027328652491487
     5     5     9     9   0.025339040874858
     8     5     9     9   0.027328652491487
     6     6     9     9   0.413871000956010
     9     6     9     9   0.528960013313625
     4     7     9     9   0.027328652491487
     7     7     9     9   0.049120147976906
     5     8     9     9   0.027328652491487
     8     8     9     9   0.049120147976906
     6     9     9     9   0.528960013313625
     9     9     9     9   0.802295750289463
     1     1     1    10   0.639726594048140
     1     2     1    10   0.678424884218351
     1     3     1    10   0.431427459802952
     1    10     1    10   0.972974593325601
     1     1     2    10   0.610772581869069
     2     1     2    10   0.616933558695333
     1     2     2    10   0.650410939417357
     2     2     2    10   0.659332663995189
     1     3     2    10   0.415583962230214
     2     3     2    10   0.423156936628266
     1    10     2    10   0.935401769545600
     2    10     2    10   0.950266024414355
     1     1     3    10   0.428525406526884
     2     1     3    10   0.429528293572196
     3     1     3    10   0.418138895385751
     1     2     3    10   0.459563045182594
     2     2     3    10   0.461584213787272
     3     2     3    10   0.452289864586150
     1     3     3    10   0.297893496489361
     2     3     3    10   0.299667645613858
     3     3     3    10   0.298560900456843
     1    10     3    10   0.661055746826063
     2    10     3    10   0.665157990137262
     3    10     3    10   0.650284633011606
     4     1     4    10   0.807410783570586
     4     2     4    10   0.848539148921287
     4     3     4    10   0.528187262883428
     1     4     4    10   0.264492850333853
     2     4     4    10   0.251939025324362
     3     4     4    10   0.133832654334008
     1     7     4    10   0.210873665108526
     2     7     4    10   0.207785917209022
     3     7     4    10   0.114176301088792
     4    10     4    10   1.256508348344776
     5     1     5    10   0.719839709912432
     5     2     5    10   0.758356447247994
     5     3     5    10   0.475870570225386
     1     5     5    10   0.088164283444618
     2     5     5    10   0.083979675108121
     3     5     5    10   0.044610884778003
     1     8     5    10   0.070291221702842
     2     8     5    10   0.069261972403007
     3     8     5    10   0.038058767029597
     5    10     5    10   1.068294519437760
     6     1     6    10   0.719839709912432
     6     2     6    10   0.758356447247994
     6     3     6    10   0.475870570225386
     1     6     6    10   0.088164283444618
     2     6     6    10   0.083979675108121
     3     6     6    10   0.044610884778003
     1     9     6    10   0.070291221702842
     2     9     6    10   0.069261972403007
     3     9     6    10   0.038058767029597
     6    10     6    10   1.068294519437760
     4     1     7    10   0.428688528694398
     7     1     7    10   0.575916886214985
     4     2     7    10   0.456000216863337
     7     2     7    10   0.623776382950864
     4     3     7    10   0.288172965543630
     7     3     7    10   0.408952115931183
     1     4     7    10   0.197061123572042
     2     4     7    10   0.212054634117477
     3     4     7    10   0.152207385221678
     1     7     7    10   0.202135094151556
     2     7     7    10   0.223245917294550
     3     7     7    10   0.174288713407591
     4    10     7    10   0.683307511576662
     7    10     7    10   0.932948645647125
     5     1     8    10   0.377892695690980
     8     1     8    10   0.511989930921129
     5     2     8    10   0.401680253961836
     8     2     8    10   0.551969157720465
     5     3     8    10   0.255054131355622
     8     3     8    10   0.360183496522150
     1     5     8    10   0.065687041190681
     2     5     8    10   0.070684878039159
     3     5     8    10   0.050735795073893
     1     8     8    10   0.067378364717185
     2     8     8    10   0.074415305764850
     3     8     8    10   0.058096237802530
     5    10     8    10   0.567176055401166
     8    10     8    10   0.780995261350534
     6     1     9    10   0.377892695690980
     9     1     9    10   0.511989930921129
     6     2     9    10   0.401680253961836
     9     2     9    10   0.551969157720465
     6     3     9    10   0.255054131355622
     9     3     9    10   0.360183496522150
     1     6     9    10   0.065687041190681
     2     6     9    10   0.070684878039159
     3     6     9    10   0.050735795073893
     1     9     9    10   0.067378364717185
     2     9     9    10   0.074415305764850
     3     9     9    10   0.058096237802530
     6    10     9    10   0.567176055401166
     9    10     9    10   0.780995261350534
     1     1    10    10   0.450570430513029
     2     1    10    10   0.482055531512277
     3     1    10    10   0.307929419044101
    10     1    10    10   0.723018194767357
     1     2    10    10   0.482055531512277
     2     2    10    10   0.517203439069179
     3     2    10    10   0.331643195314116
    10     2    10    10   0.777467028778308
     1     3    10    10   0.307929419044101
     2     3    10    10   0.331643195314116
     3     3    10    10   0.214344421323176
    10     3    10    10   0.498232929879261
     4     4    10    10   0.359912483590224
     7     4    10    10   0.307425885495365
     5     5    10    10   0.049864418165449
     8     5    10    10   0.042068779944154
     6     6    10    10   0.049864418165449
     9     6    10    10   0.042068779944154
     4     7    10    10   0.307425885495365
     7     7    10    10   0.318146354496699
     5     8    10    10   0.042068779944154
     8     8    10    10   0.044077889991998
     6     9    10    10   0.042068779944154
     9     9    10    10   0.044077889991998
     1    10    10    10   0.723018194767357
     2    10    10    10   0.777467028778308
     3    10    10    10   0.498232929879261
    10    10    10    10   1.197711172814315
     1    11     1    11   0.972974593325602
     1    11     2    11   0.935401769545601
     2    11     2    11   0.950266024414356
     1    11     3    11   0.661055746826063
     2    11     3    11   0.665157990137262
     3    11     3    11   0.650284633011606
     1     5     4    11   0.152705018338981
     2     5     4    11   0.145457064090392
     3     5     4    11   0.077268319006101
     1     8     4    11   0.121747967315410
     2     8     4    11   0.119965255234442
     3     8     4    11   0.065919718168690
     4    11     4    11   1.162401433891268
     4     1     5    11   0.075838774424639
     4     2     5    11   0.078100510630985
     4     3     5    11   0.045307584883847
     1     4     5    11   0.152705018338981
     2     4     5    11   0.145457064090392
     3     4     5    11   0.077268319006101
     1     7     5    11   0.121747967315410
     2     7     5    11   0.119965255234442
     3     7     5    11   0.065919718168690
     4    10     5    11   0.081498978588507
     5    11     5    11   1.162401433891268
     6    11     6    11   1.068294519437760
     5     1     7    11   0.043990481787352
     5     2     7    11   0.047042467805328
     5     3     7    11   0.028681751750539
     1     5     7    11   0.113773292741129
     2     5     7    11   0.122429800090633
     3     5     7    11   0.087876974830385
     1     8     7    11   0.116702751021071
     2     8     7    11   0.128891090445493
     3     8     7    11   0.100625635602586
     5    10     7    11   0.050286395613230
     4    11     7    11   0.625241783488914
     7    11     7    11   0.856971953498829
     4     1     8    11   0.043990481787352
     7     1     8    11   0.055362367271071
     4     2     8    11   0.047042467805328
     7     2     8    11   0.062186881224797
     4     3     8    11   0.028681751750539
     7     3     8    11   0.042234863315718
     1     4     8    11   0.113773292741129
     2     4     8    11   0.122429800090633
     3     4     8    11   0.087876974830385
     1     7     8    11   0.116702751021071
     2     7     8    11   0.128891090445493
     3     7     8    11   0.100625635602586
     4    10     8    11   0.050286395613230
     7    10     8    11   0.065797745495934
     5    11     8    11   0.625241783488914
     8    11     8    11   0.856971953498829
     6    11     9    11   0.567176055401166
     9    11     9    11   0.780995261350534
     5     4    10    11   0.086367705752419
     8     4    10    11   0.072865264275709
     4     5    10    11   0.182141795299656
     7     5    10    11   0.156940730206349
     5     7    10    11   0.072865264275709
     8     7    10    11   0.076345144956572
     4     8    10    11   0.156940730206349
     7     8    10    11   0.161005107680692
     1    11    10    11   0.661212381571453
     2    11    10    11   0.709530399541082
     3    11    10    11   0.455109948115808
    10    11    10    11   1.034096859399905
     1     1    11    11   0.079791983615326
     2     1    11    11   0.086733138510636
     3     1    11    11   0.054642778799577
    10     1    11    11   0.092708719793855
     1     2    11    11   0.086733138510636
     2     2    11    11   0.094996550033115
     3     2    11    11   0.060461673473253
    10     2    11    11   0.101904943855839
     1     3    11    11   0.054642778799577
     2     3    11    11   0.060461673473253
     3     3    11    11   0.039369383508338
    10     3    11    11   0.064684472645180
     4     4    11    11   0.149593254496348
     7     4    11    11   0.126206339832462
     5     5    11    11   0.149593254496348
     8     5    11    11   0.126206339832462
     6     6    11    11   0.022216819974705
     9     6    11    11   0.017798283500505
     4     7    11    11   0.126206339832462
     7     7    11    11   0.132233669975994
     5     8    11    11   0.126206339832462
     8     8    11    11   0.132233669975994
     6     9    11    11   0.017798283500505
     9     9    11    11   0.019638663857821
     1    10    11    11   0.092708719793855
     2    10    11    11   0.101904943855839
     3    10    11    11   0.064684472645180
    10    10    11    11   0.122710735060808
    11    11    11    11   1.078034206992011
     1    12     1    12   0.972974593325602
     1    12     2    12   0.935401769545601
     2    12     2    12   0.950266024414356
     1    12     3    12   0.661055746826063
     2    12     3    12   0.665157990137262
     3    12     3    12   0.650284633011606
     1     6     4    12   0.152705018338981
     2     6     4    12   0.145457064090392
     3     6     4    12   0.077268319006101
     1     9     4    12   0.121747967315410
     2     9     4    12   0.119965255234442
     3     9     4    12   0.065919718168690
     4    12     4    12   1.162401433891268
     5    12     5    12   1.068294519437760
     4     1     6    12   0.075838774424639
     4     2     6    12   0.078100510630985
     4     3     6    12   0.045307584883847
     1     4     6    12   0.152705018338981
     2     4     6    12   0.145457064090392
     3     4     6    12   0.077268319006101
     1     7     6    12   0.121747967315410
     2     7     6    12   0.119965255234442
     3     7     6    12   0.065919718168690
     4    10     6    12   0.081498978588507
     5    11     6    12   0.047053457226754
     6    12     6    12   1.162401433891268
     6     1     7    12   0.043990481787352
     6     2     7    12   0.047042467805328
     6     3     7    12   0.028681751750539
     1     6     7    12   0.113773292741129
     2     6     7    12   0.122429800090633
     3     6     7    12   0.087876974830385
     1     9     7    12   0.116702751021071
     2     9     7    12   0.128891090445493
     3     9     7    12   0.100625635602586
     6    10     7    12   0.050286395613230
     4    12     7    12   0.625241783488914
     7    12     7    12   0.856971953498829
     6    11     8    12   0.029032864043874
     5    12     8    12   0.567176055401166
     8    12     8    12   0.780995261350534
     4     1     9    12   0.043990481787352
     7     1     9    12   0.055362367271071
     4     2     9    12   0.047042467805328
     7     2     9    12   0.062186881224797
     4     3     9    12   0.028681751750539
     7     3     9    12   0.042234863315718
     1     4     9    12   0.113773292741129
     2     4     9    12   0.122429800090633
     3     4     9    12   0.087876974830385
     1     7     9    12   0.116702751021071
     2     7     9    12   0.128891090445493
     3     7     9    12   0.100625635602586
     4    10     9    12   0.050286395613230
     7    10     9    12   0.065797745495934
     5    11     9    12   0.029032864043874
     8    11     9    12   0.037988346074148
     6    12     9    12   0.625241783488914
     9    12     9    12   0.856971953498829
     6     4    10    12   0.086367705752419
     9     4    10    12   0.072865264275709
     4     6    10    12   0.182141795299656
     7     6    10    12   0.156940730206349
     6     7    10    12   0.072865264275709
     9     7    10    12   0.076345144956572
     4     9    10    12   0.156940730206349
     7     9    10    12   0.161005107680692
     1    12    10    12   0.661212381571453
     2    12    10    12   0.709530399541082
     3    12    10    12   0.455109948115808
    10    12    10    12   1.034096859399905
     6     5    11    12   0.022216819974705
     9     5    11    12   0.017798283500505
     5     6    11    12   0.105159614546938
     8     6    11    12   0.090609772831452
     6     8    11    12   0.017798283500505
     9     8    11    12   0.019638663857821
     5     9    11    12   0.090609772831452
     8     9    11    12   0.092956342260352
    11    12    11    12   0.966935485223402
     1     1    12    12   0.079791983615326
     2     1    12    12   0.086733138510636
     3     1    12    12   0.054642778799577
    10     1    12    12   0.092708719793855
     1     2    12    12   0.086733138510636
     2     2    12    12   0.094996550033115
     3     2    12    12   0.060461673473253
    10     2    12    12   0.101904943855839
     1     3    12    12   0.054642778799577
     2     3    12    12   0.060461673473253
     3     3    12    12   0.039369383508338
    10     3    12    12   0.064684472645180
     4     4    12    12   0.149593254496348
     7     4    12    12   0.126206339832462
     5     5    12    12   0.022216819974705
     8     5    12    12   0.017798283500505
     6     6    12    12   0.149593254496348
     9     6    12    12   0.126206339832462
     4     7    12    12   0.126206339832462
     7     7    12    12   0.132233669975994
     5     8    12    12   0.017798283500505
     8     8    12    12   0.019638663857821
     6     9    12    12   0.126206339832462
     9     9    12    12   0.132233669975994
     1    10    12    12   0.092708719793855
     2    10    12    12   0.101904943855839
     3    10    12    12   0.064684472645180
    10    10    12    12   0.122710735060808
    11    11    12    12   0.055549360884304
    12    12    12    12   1.078034206992011
     1     1     1    13   0.639726594048140
     1     2     1    13   0.678424884218351
     1     3     1    13   0.431427459802952
     1    10     1    13   0.324324864441867
     1    13     1    13   0.972974593325601
     1     1     2    13   0.610772581869069
     2     1     2    13   0.616933558695333
     1     2     2    13   0.650410939417357
     2     2     2    13   0.659332663995189
     1     3     2    13   0.415583962230214
     2     3     2    13   0.423156936628266
     1    10     2    13   0.311800589848533
     2    10     2    13   0.316755341471452
     1    13     2    13   0.935401769545600
     2    13     2    13   0.950266024414355
     1     1     3    13   0.428525406526884
     2     1     3    13   0.429528293572196
     3     1     3    13   0.418138895385751
     1     2     3    13   0.459563045182594
     2     2     3    13   0.461584213787272
     3     2     3    13   0.452289864586150
     1     3     3    13   0.297893496489361
     2     3     3    13   0.299667645613858
     3     3     3    13   0.298560900456843
     1    10     3    13   0.220351915608688
     2    10     3    13   0.221719330045754
     3    10     3    13   0.216761544337202
     1    13     3    13   0.661055746826063
     2    13     3    13   0.665157990137262
     3    13     3    13   0.650284633011606
     4     1     4    13   0.719839709912432
     4     2     4    13   0.758356447247994
     4     3     4    13   0.475870570225386
     1     4     4    13   0.088164283444618
     2     4     4    13   0.083979675108121
     3     4     4    13   0.044610884778003
     1     7     4    13   0.070291221702842
     2     7     4    13   0.069261972403007
     3     7     4    13   0.038058767029597
     4    10     4    13   0.387467144630423
     4    13     4    13   1.068294519437760
     5     1     5    13   0.807410783570586
     5     2     5    13   0.848539148921287
     5     3     5    13   0.528187262883428
     1     5     5    13   0.264492850333853
     2     5     5    13   0.251939025324362
     3     5     5    13   0.133832654334008
     1     8     5    13   0.210873665108526
     2     8     5    13   0.207785917209022
     3     8     5    13   0.114176301088792
     5    10     5    13   0.387467144630423
     4    11     5    13   0.081498978588507
     5    13     5    13   1.256508348344776
     6     1     6    13   0.719839709912432
     6     2     6    13   0.758356447247994
     6     3     6    13   0.475870570225386
     1     6     6    13   0.088164283444618
     2     6     6    13   0.083979675108121
     3     6     6    13   0.044610884778003
     1     9     6    13   0.070291221702842
     2     9     6    13   0.069261972403007
     3     9     6    13   0.038058767029597
     6    10     6    13   0.356098173145920
     4    12     6    13   0.027166326196169
     6    13     6    13   1.068294519437760
     4     1     7    13   0.377892695690980
     7     1     7    13   0.511989930921129
     4     2     7    13   0.401680253961836
     7     2     7    13   0.551969157720465
     4     3     7    13   0.255054131355622
     7     3     7    13   0.360183496522150
     1     4     7    13   0.065687041190681
     2     4     7    13   0.070684878039159
     3     4     7    13   0.050735795073893
     1     7     7    13   0.067378364717185
     2     7     7    13   0.074415305764850
     3     7     7    13   0.058096237802530
     4    10     7    13   0.208413927829638
     7    10     7    13   0.285657317832943
     5    11     7    13   0.050286395613230
     6    12     7    13   0.016762131871077
     4    13     7    13   0.567176055401166
     7    13     7    13   0.780995261350534
     5     1     8    13   0.428688528694398
     8     1     8    13   0.575916886214985
     5     2     8    13   0.456000216863337
     8     2     8    13   0.623776382950864
     5     3     8    13   0.288172965543630
     8     3     8    13   0.408952115931183
     1     5     8    13   0.197061123572042
     2     5     8    13   0.212054634117477
     3     5     8    13   0.152207385221678
     1     8     8    13   0.202135094151556
     2     8     8    13   0.223245917294550
     3     8     8    13   0.174288713407591
     5    10     8    13   0.208413927829638
     8    10     8    13   0.285657317832943
     4    11     8    13   0.050286395613230
     7    11     8    13   0.065797745495934
     5    13     8    13   0.683307511576662
     8    13     8    13   0.932948645647125
     6     1     9    13   0.377892695690980
     9     1     9    13   0.511989930921129
     6     2     9    13   0.401680253961836
     9     2     9    13   0.551969157720465
     6     3     9    13   0.255054131355622
     9     3     9    13   0.360183496522150
     1     6     9    13   0.065687041190681
     2     6     9    13   0.070684878039159
     3     6     9    13   0.050735795073893
     1     9     9    13   0.067378364717185
     2     9     9    13   0.074415305764850
     3     9     9    13   0.058096237802530
     6    10     9    13   0.189058685133722
     9    10     9    13   0.260331753783511
     4    12     9    13   0.016762131871077
     7    12     9    13   0.021932581831978
     6    13     9    13   0.567176055401166
     9    13     9    13   0.780995261350534
     1     1    10    13   0.397375774769479
     2     1    10    13   0.424233439171853
     3     1    10    13   0.271500899844383
    10     1    10    13   0.599406568375550
     1     2    10    13   0.424233439171853
     2     2    10    13   0.453872405713769
     3     2    10    13   0.291335412998614
    10     2    10    13   0.641593770303856
     1     3    10    13   0.271500899844383
     2     3    10    13   0.291335412998614
     3     3    10    13   0.188098165650950
    10     3    10    13   0.411986966352354
     4     4    10    13   0.105159614546938
     7     4    10    13   0.090609772831452
     5     5    10    13   0.105159614546938
     8     5    10    13   0.090609772831452
     6     6    10    13   0.035053204848979
     9     6    10    13   0.030203257610484
     4     7    10    13   0.090609772831452
     7     7    10    13   0.092956342260352
     5     8    10    13   0.090609772831452
     8     8    10    13   0.092956342260352
     6     9    10    13   0.030203257610484
     9     9    10    13   0.030985447420117
     1    10    10    13   0.220404127190484
     2    10    10    13   0.236510133180361
     3    10    10    13   0.151703316038602
    10    10    10    13   0.344698953133302
     1    13    10    13   0.599406568375550
     2    13    10    13   0.641593770303856
     3    13    10    13   0.411986966352354
    10    13    10    13   0.899774111046897
    11     1    11    13   0.661212381571453
    11     2    11    13   0.709530399541082
    11     3    11    13   0.455109948115808
     5     4    11    13   0.086367705752419
     8     4    11    13   0.072865264275709
     4     5    11    13   0.182141795299656
     7     5    11    13   0.156940730206349
     5     7    11    13   0.072865264275709
     8     7    11    13   0.076345144956572
     4     8    11    13   0.156940730206349
     7     8    11    13   0.161005107680692
    11    10    11    13   0.359344735664003
     1    11    11    13   0.092708719793855
     2    11    11    13   0.101904943855839
     3    11    11    13   0.064684472645180
    10    11    11    13   0.100742061264756
    11    13    11    13   1.034096859399905
    12     1    12    13   0.599406568375550
    12     2    12    13   0.641593770303856
    12     3    12    13   0.411986966352354
     6     4    12    13   0.060713931766552
     9     4    12    13   0.052313576735450
     4     6    12    13   0.060713931766552
     7     6    12    13   0.052313576735450
     6     7    12    13   0.052313576735450
     9     7    12    13   0.053668369226897
     4     9    12    13   0.052313576735450
     7     9    12    13   0.053668369226897
    12    10    12    13   0.322311828407800
     1    12    12    13   0.030902906597952
     2    12    12    13   0.033968314618613
     3    12    12    13   0.021561490881727
    10    12    12    13   0.033580687088252
    12    13    12    13   0.899774111046898
     1     1    13    13   0.450570430513029
     2     1    13    13   0.482055531512277
     3     1    13    13   0.307929419044101
    10     1    13    13   0.220404127190484
    13     1    13    13   0.723018194767357
     1     2    13    13   0.482055531512277
     2     2    13    13   0.517203439069179
     3     2    13    13   0.331643195314116
    10     2    13    13   0.236510133180361
    13     2    13    13   0.777467028778308
     1     3    13    13   0.307929419044101
     2     3    13    13   0.331643195314116
     3     3    13    13   0.214344421323176
    10     3    13    13   0.151703316038602
    13     3    13    13   0.498232929879261
     4     4    13    13   0.049864418165449
     7     4    13    13   0.042068779944154
     5     5    13    13   0.359912483590224
     8     5    13    13   0.307425885495365
     6     6    13    13   0.049864418165449
     9     6    13    13   0.042068779944154
     4     7    13    13   0.042068779944154
     7     7    13    13   0.044077889991998
     5     8    13    13   0.307425885495365
     8     8    13    13   0.318146354496699
     6     9    13    13   0.042068779944154
     9     9    13    13   0.044077889991998
     1    10    13    13   0.220404127190484
     2    10    13    13   0.236510133180361
     3    10    13    13   0.151703316038602
    10    10    13    13   0.119781578554668
    13    10    13    13   0.344698953133302
    11    11    13    13   0.122710735060808
    12    12    13    13   0.018516453628101
     1    13    13    13   0.723018194767357
     2    13    13    13   0.777467028778308
     3    13    13    13   0.498232929879261
    10    13    13    13   0.344698953133302
    13    13    13    13   1.197711172814315
     1    14     1    14   0.972974593325602
     1    14     2    14   0.935401769545601
     2    14     2    14   0.950266024414356
     1    14     3    14   0.661055746826063
     2    14     3    14   0.665157990137262
     3    14     3    14   0.650284633011606
     4    14     4    14   1.068294519437760
     1     6     5    14   0.152705018338981
     2     6     5    14   0.145457064090392
     3     6     5    14   0.077268319006101
     1     9     5    14   0.121747967315410
     2     9     5    14   0.119965255234442
     3     9     5    14   0.065919718168690
     4    12     5    14   0.047053457226754
     5    14     5    14   1.162401433891268
     5     1     6    14   0.075838774424639
     5     2     6    14   0.078100510630985
     5     3     6    14   0.045307584883847
     1     5     6    14   0.152705018338981
     2     5     6    14   0.145457064090392
     3     5     6    14   0.077268319006101
     1     8     6    14   0.121747967315410
     2     8     6    14   0.119965255234442
     3     8     6    14   0.065919718168690
     5    10     6    14   0.027166326196169
     4    11     6    14   0.047053457226754
     5    13     6    14   0.081498978588507
     6    14     6    14   1.162401433891268
     6    11     7    14   0.029032864043874
     5    12     7    14   0.029032864043874
     4    14     7    14   0.567176055401166
     7    14     7    14   0.780995261350534
     6     1     8    14   0.043990481787352
     6     2     8    14   0.047042467805328
     6     3     8    14   0.028681751750539
     1     6     8    14   0.113773292741129
     2     6     8    14   0.122429800090633
     3     6     8    14   0.087876974830385
     1     9     8    14   0.116702751021071
     2     9     8    14   0.128891090445493
     3     9     8    14   0.100625635602586
     6    10     8    14   0.016762131871077
     4    12     8    14   0.029032864043874
     7    12     8    14   0.037988346074148
     6    13     8    14   0.050286395613230
     5    14     8    14   0.625241783488914
     8    14     8    14   0.856971953498829
     5     1     9    14   0.043990481787352
     8     1     9    14   0.055362367271071
     5     2     9    14   0.047042467805328
     8     2     9    14   0.062186881224797
     5     3     9    14   0.028681751750539
     8     3     9    14   0.042234863315718
     1     5     9    14   0.113773292741129
     2     5     9    14   0.122429800090633
     3     5     9    14   0.087876974830385
     1     8     9    14   0.116702751021071
     2     8     9    14   0.128891090445493
     3     8     9    14   0.100625635602586
     5    10     9    14   0.016762131871077
     8    10     9    14   0.021932581831978
     4    11     9    14   0.029032864043874
     7    11     9    14   0.037988346074148
     5    13     9    14   0.050286395613230
     8    13     9    14   0.065797745495934
     6    14     9    14   0.625241783488914
     9    14     9    14   0.856971953498829
     6     5    10    14   0.060713931766552
     9     5    10    14   0.052313576735450
     5     6    10    14   0.060713931766552
     8     6    10    14   0.052313576735450
     6     8    10    14   0.052313576735450
     9     8    10    14   0.053668369226897
     5     9    10    14   0.052313576735450
     8     9    10    14   0.053668369226897
     1    14    10    14   0.599406568375550
     2    14    10    14   0.641593770303856
     3    14    10    14   0.411986966352354
    10    14    10    14   0.899774111046898
     6     4    11    14   0.022216819974705
     9     4    11    14   0.017798283500505
     4     6    11    14   0.105159614546938
     7     6    11    14   0.090609772831452
     6     7    11    14   0.017798283500505
     9     7    11    14   0.019638663857821
     4     9    11    14   0.090609772831452
     7     9    11    14   0.092956342260352
     1    12    11    14   0.053525404329208
     2    12    11    14   0.058834846766922
     3    12    11    14   0.037345597694084
    10    12    11    14   0.058163456189924
    11    14    11    14   0.966935485223402
    11     1    12    14   0.053525404329208
    11     2    12    14   0.058834846766922
    11     3    12    14   0.037345597694084
     5     4    12    14   0.022216819974705
     8     4    12    14   0.017798283500505
     4     5    12    14   0.105159614546938
     7     5    12    14   0.090609772831452
     5     7    12    14   0.017798283500505
     8     7    12    14   0.019638663857821
     4     8    12    14   0.090609772831452
     7     8    12    14   0.092956342260352
    11    10    12    14   0.032071438459865
     1    11    12    14   0.053525404329208
     2    11    12    14   0.058834846766922
     3    11    12    14   0.037345597694084
    10    11    12    14   0.058163456189924
    11    13    12    14   0.058163456189924
    12    14    12    14   0.966935485223402
     6     5    13    14   0.086367705752419
     9     5    13    14   0.072865264275709
     5     6    13    14   0.182141795299656
     8     6    13    14   0.156940730206349
     6     8    13    14   0.072865264275709
     9     8    13    14   0.076345144956572
     5     9    13    14   0.156940730206349
     8     9    13    14   0.161005107680692
    12    11    13    14   0.032071438459865
    11    12    13    14   0.058163456189924
     1    14    13    14   0.661212381571453
     2    14    13    14   0.709530399541082
     3    14    13    14   0.455109948115808
    10    14    13    14   0.322311828407800
    13    14    13    14   1.034096859399905
     1     1    14    14   0.079791983615326
     2     1    14    14   0.086733138510636
     3     1    14    14   0.054642778799577
    10     1    14    14   0.030902906597952
    13     1    14    14   0.092708719793855
     1     2    14    14   0.086733138510636
     2     2    14    14   0.094996550033115
     3     2    14    14   0.060461673473253
    10     2    14    14   0.033968314618613
    13     2    14    14   0.101904943855839
     1     3    14    14   0.054642778799577
     2     3    14    14   0.060461673473253
     3     3    14    14   0.039369383508338
    10     3    14    14   0.021561490881727
    13     3    14    14   0.064684472645180
     4     4    14    14   0.022216819974705
     7     4    14    14   0.017798283500505
     5     5    14    14   0.149593254496348
     8     5    14    14   0.126206339832462
     6     6    14    14   0.149593254496348
     9     6    14    14   0.126206339832462
     4     7    14    14   0.017798283500505
     7     7    14    14   0.019638663857821
     5     8    14    14   0.126206339832462
     8     8    14    14   0.132233669975994
     6     9    14    14   0.126206339832462
     9     9    14    14   0.132233669975994
     1    10    14    14   0.030902906597952
     2    10    14    14   0.033968314618613
     3    10    14    14   0.021561490881727
    10    10    14    14   0.018516453628101
    13    10    14    14   0.033580687088252
    11    11    14    14   0.055549360884304
    12    12    14    14   0.055549360884304
     1    13    14    14   0.092708719793855
     2    13    14    14   0.101904943855839
     3    13    14    14   0.064684472645180
    10    13    14    14   0.033580687088252
    13    13    14    14   0.122710735060808
    14    14    14    14   1.078034206992011
     1     1     1    15   0.639726594048140
     1     2     1    15   0.678424884218351
     1     3     1    15   0.431427459802952
     1    10     1    15   0.324324864441867
     1    13     1    15   0.324324864441867
     1    15     1    15   0.972974593325601
     1     1     2    15   0.610772581869069
     2     1     2    15   0.616933558695333
     1     2     2    15   0.650410939417357
     2     2     2    15   0.659332663995189
     1     3     2    15   0.415583962230214
     2     3     2    15   0.423156936628266
     1    10     2    15   0.311800589848533
     2    10     2    15   0.316755341471452
     1    13     2    15   0.311800589848533
     2    13     2    15   0.316755341471452
     1    15     2    15   0.935401769545600
     2    15     2    15   0.950266024414355
     1     1     3    15   0.428525406526884
     2     1     3    15   0.429528293572196
     3     1     3    15   0.418138895385751
     1     2     3    15   0.459563045182594
     2     2     3    15   0.461584213787272
     3     2     3    15   0.452289864586150
     1     3     3    15   0.297893496489361
     2     3     3    15   0.299667645613858
     3     3     3    15   0.298560900456843
     1    10     3    15   0.220351915608688
     2    10     3    15   0.221719330045754
     3    10     3    15   0.216761544337202
     1    13     3    15   0.220351915608688
     2    13     3    15   0.221719330045754
     3    13     3    15   0.216761544337202
     1    15     3    15   0.661055746826063
     2    15     3    15   0.665157990137262
     3    15     3    15   0.650284633011606
     4     1     4    15   0.719839709912432
     4     2     4    15   0.758356447247994
     4     3     4    15   0.475870570225386
     1     4     4    15   0.088164283444618
     2     4     4    15   0.083979675108121
     3     4     4    15   0.044610884778003
     1     7     4    15   0.070291221702842
     2     7     4    15   0.069261972403007
     3     7     4    15   0.038058767029597
     4    10     4    15   0.387467144630423
     4    13     4    15   0.356098173145920
     4    15     4    15   1.068294519437760
     5     1     5    15   0.719839709912432
     5     2     5    15   0.758356447247994
     5     3     5    15   0.475870570225386
     1     5     5    15   0.088164283444618
     2     5     5    15   0.083979675108121
     3     5     5    15   0.044610884778003
     1     8     5    15   0.070291221702842
     2     8     5    15   0.069261972403007
     3     8     5    15   0.038058767029597
     5    10     5    15   0.356098173145920
     4    11     5    15   0.027166326196169
     5    13     5    15   0.387467144630423
     5    15     5    15   1.068294519437760
     6     1     6    15   0.807410783570586
     6     2     6    15   0.848539148921287
     6     3     6    15   0.528187262883428
     1     6     6    15   0.264492850333853
     2     6     6    15   0.251939025324362
     3     6     6    15   0.133832654334008
     1     9     6    15   0.210873665108526
     2     9     6    15   0.207785917209022
     3     9     6    15   0.114176301088792
     6    10     6    15   0.387467144630423
     4    12     6    15   0.081498978588507
     6    13     6    15   0.387467144630423
     5    14     6    15   0.081498978588507
     6    15     6    15   1.256508348344776
     4     1     7    15   0.377892695690980
     7     1     7    15   0.511989930921129
     4     2     7    15   0.401680253961836
     7     2     7    15   0.551969157720465
     4     3     7    15   0.255054131355622
     7     3     7    15   0.360183496522150
     1     4     7    15   0.065687041190681
     2     4     7    15   0.070684878039159
     3     4     7    15   0.050735795073893
     1     7     7    15   0.067378364717185
     2     7     7    15   0.074415305764850
     3     7     7    15   0.058096237802530
     4    10     7    15   0.208413927829638
     7    10     7    15   0.285657317832943
     5    11     7    15   0.016762131871077
     6    12     7    15   0.050286395613230
     4    13     7    15   0.189058685133722
     7    13     7    15   0.260331753783511
     4    15     7    15   0.567176055401166
     7    15     7    15   0.780995261350534
     5     1     8    15   0.377892695690980
     8     1     8    15   0.511989930921129
     5     2     8    15   0.401680253961836
     8     2     8    15   0.551969157720465
     5     3     8    15   0.255054131355622
     8     3     8    15   0.360183496522150
     1     5     8    15   0.065687041190681
     2     5     8    15   0.070684878039159
     3     5     8    15   0.050735795073893
     1     8     8    15   0.067378364717185
     2     8     8    15   0.074415305764850
     3     8     8    15   0.058096237802530
     5    10     8    15   0.189058685133722
     8    10     8    15   0.260331753783511
     4    11     8    15   0.016762131871077
     7    11     8    15   0.021932581831978
     5    13     8    15   0.208413927829638
     8    13     8    15   0.285657317832943
     6    14     8    15   0.050286395613230
     5    15     8    15   0.567176055401166
     8    15     8    15   0.780995261350534
     6     1     9    15   0.428688528694398
     9     1     9    15   0.575916886214985
     6     2     9    15   0.456000216863337
     9     2     9    15   0.623776382950864
     6     3     9    15   0.288172965543630
     9     3     9    15   0.408952115931183
     1     6     9    15   0.197061123572042
     2     6     9    15   0.212054634117477
     3     6     9    15   0.152207385221678
     1     9     9    15   0.202135094151556
     2     9     9    15   0.223245917294550
     3     9     9    15   0.174288713407591
     6    10     9    15   0.208413927829638
     9    10     9    15   0.285657317832943
     4    12     9    15   0.050286395613230
     7    12     9    15   0.065797745495934
     6    13     9    15   0.208413927829638
     9    13     9    15   0.285657317832943
     5    14     9    15   0.050286395613230
     8    14     9    15   0.065797745495934
     6    15     9    15   0.683307511576662
     9    15     9    15   0.932948645647125
     1     1    10    15   0.397375774769479
     2     1    10    15   0.424233439171853
     3     1    10    15   0.271500899844383
    10     1    10    15   0.599406568375550
     1     2    10    15   0.424233439171853
     2     2    10    15   0.453872405713769
     3     2    10    15   0.291335412998614
    10     2    10    15   0.641593770303856
     1     3    10    15   0.271500899844383
     2     3    10    15   0.291335412998614
     3     3    10    15   0.188098165650950
    10     3    10    15   0.411986966352354
     4     4    10    15   0.105159614546938
     7     4    10    15   0.090609772831452
     5     5    10    15   0.035053204848979
     8     5    10    15   0.030203257610484
     6     6    10    15   0.105159614546938
     9     6    10    15   0.090609772831452
     4     7    10    15   0.090609772831452
     7     7    10    15   0.092956342260352
     5     8    10    15   0.030203257610484
     8     8    10    15   0.030985447420117
     6     9    10    15   0.090609772831452
     9     9    10    15   0.092956342260352
     1    10    10    15   0.220404127190484
     2    10    10    15   0.236510133180361
     3    10    10    15   0.151703316038602
    10    10    10    15   0.344698953133302
     1    13    10    15   0.199802189458517
     2    13    10    15   0.213864590101285
     3    13    10    15   0.137328988784118
    10    13    10    15   0.299924703682299
     1    15    10    15   0.599406568375550
     2    15    10    15   0.641593770303856
     3    15    10    15   0.411986966352354
    10    15    10    15   0.899774111046897
    11     1    11    15   0.599406568375550
    11     2    11    15   0.641593770303856
    11     3    11    15   0.411986966352354
     5     4    11    15   0.060713931766552
     8     4    11    15   0.052313576735450
     4     5    11    15   0.060713931766552
     7     5    11    15   0.052313576735450
     5     7    11    15   0.052313576735450
     8     7    11    15   0.053668369226897
     4     8    11    15   0.052313576735450
     7     8    11    15   0.053668369226897
    11    10    11    15   0.322311828407800
     1    11    11    15   0.030902906597952
     2    11    11    15   0.033968314618613
     3    11    11    15   0.021561490881727
    10    11    11    15   0.033580687088252
    11    13    11    15   0.322311828407800
    11    15    11    15   0.899774111046898
    12     1    12    15   0.661212381571453
    12     2    12    15   0.709530399541082
    12     3    12    15   0.455109948115808
     6     4    12    15   0.086367705752419
     9     4    12    15   0.072865264275709
     4     6    12    15   0.182141795299656
     7     6    12    15   0.156940730206349
     6     7    12    15   0.072865264275709
     9     7    12    15   0.076345144956572
     4     9    12    15   0.156940730206349
     7     9    12    15   0.161005107680692
    12    10    12    15   0.359344735664003
     1    12    12    15   0.092708719793855
     2    12    12    15   0.101904943855839
     3    12    12    15   0.064684472645180
    10    12    12    15   0.100742061264756
    12    13    12    15   0.322311828407800
    11    14    12    15   0.058163456189924
    12    15    12    15   1.034096859399905
     1     1    13    15   0.397375774769479
     2     1    13    15   0.424233439171853
     3     1    13    15   0.271500899844383
    10     1    13    15   0.199802189458517
    13     1    13    15   0.599406568375550
     1     2    13    15   0.424233439171853
     2     2    13    15   0.453872405713769
     3     2    13    15   0.291335412998614
    10     2    13    15   0.213864590101285
    13     2    13    15   0.641593770303856
     1     3    13    15   0.271500899844383
     2     3    13    15   0.291335412998614
     3     3    13    15   0.188098165650950
    10     3    13    15   0.137328988784118
    13     3    13    15   0.411986966352354
     4     4    13    15   0.035053204848979
     7     4    13    15   0.030203257610484
     5     5    13    15   0.105159614546938
     8     5    13    15   0.090609772831452
     6     6    13    15   0.105159614546938
     9     6    13    15   0.090609772831452
     4     7    13    15   0.030203257610484
     7     7    13    15   0.030985447420117
     5     8    13    15   0.090609772831452
     8     8    13    15   0.092956342260352
     6     9    13    15   0.090609772831452
     9     9    13    15   0.092956342260352
     1    10    13    15   0.199802189458517
     2    10    13    15   0.213864590101285
     3    10    13    15   0.137328988784118
    10    10    13    15   0.107437276135933
    13    10    13    15   0.299924703682299
    11    11    13    15   0.033580687088252
    12    12    13    15   0.033580687088252
     1    13    13    15   0.220404127190484
     2    13    13    15   0.236510133180361
     3    13    13    15   0.151703316038602
    10    13    13    15   0.107437276135933
    13    13    13    15   0.344698953133302
     1    15    13    15   0.599406568375550
     2    15    13    15   0.641593770303856
     3    15    13    15   0.411986966352354
    10    15    13    15   0.299924703682299
    13    15    13    15   0.899774111046897
    14     1    14    15   0.661212381571453
    14     2    14    15   0.709530399541082
    14     3    14    15   0.455109948115808
     6     5    14    15   0.086367705752419
     9     5    14    15   0.072865264275709
     5     6    14    15   0.182141795299656
     8     6    14    15   0.156940730206349
     6     8    14    15   0.072865264275709
     9     8    14    15   0.076345144956572
     5     9    14    15   0.156940730206349
     8     9    14    15   0.161005107680692
    14    10    14    15   0.322311828407800
    12    11    14    15   0.032071438459865
    11    12    14    15   0.058163456189924
    14    13    14    15   0.359344735664003
     1    14    14    15   0.092708719793855
     2    14    14    15   0.101904943855839
     3    14    14    15   0.064684472645180
    10    14    14    15   0.033580687088252
    13    14    14    15   0.100742061264756
    14    15    14    15   1.034096859399905
     1     1    15    15   0.450570430513029
     2     1    15    15   0.482055531512277
     3     1    15    15   0.307929419044101
    10     1    15    15   0.220404127190484
    13     1    15    15   0.220404127190484
    15     1    15    15   0.723018194767357
     1     2    15    15   0.482055531512277
     2     2    15    15   0.517203439069179
     3     2    15    15   0.331643195314116
    10     2    15    15   0.236510133180361
    13     2    15    15   0.236510133180361
    15     2    15    15   0.777467028778308
     1     3    15    15   0.307929419044101
     2     3    15    15   0.331643195314116
     3     3    15    15   0.214344421323176
    10     3    15    15   0.151703316038602
    13     3    15    15   0.151703316038602
    15     3    15    15   0.498232929879261
     4     4    15    15   0.049864418165449
     7     4    15    15   0.042068779944154
     5     5    15    15   0.049864418165449
     8     5    15    15   0.042068779944154
     6     6    15    15   0.359912483590224
     9     6    15    15   0.307425885495365
     4     7    15    15   0.042068779944154
     7     7    15    15   0.044077889991998
     5     8    15    15   0.042068779944154
     8     8    15    15   0.044077889991998
     6     9    15    15   0.307425885495365
     9     9    15    15   0.318146354496699
     1    10    15    15   0.220404127190484
     2    10    15    15   0.236510133180361
     3    10    15    15   0.151703316038602
    10    10    15    15   0.119781578554668
    13    10    15    15   0.107437276135933
    15    10    15    15   0.344698953133302
    11    11    15    15   0.018516453628101
    12    12    15    15   0.122710735060808
     1    13    15    15   0.220404127190484
     2    13    15    15   0.236510133180361
     3    13    15    15   0.151703316038602
    10    13    15    15   0.107437276135933
    13    13    15    15   0.119781578554668
    15    13    15    15   0.344698953133302
    14    14    15    15   0.122710735060808
     1    15    15    15   0.723018194767357
     2    15    15    15   0.777467028778308
     3    15    15    15   0.498232929879261
    10    15    15    15   0.344698953133302
    13    15    15    15   0.344698953133302
    15    15    15    15   1.197711172814315
